0
10
72
100
117
130
146
159
162
170
180
208
255
258
266
284
294
313
403
404
461
485
514
543
560
614
647
678
680
701
720
734
736
757
763
773
790
792
802
814
823
825
829
836
868
900
909
928
962
966
1014
1037
1064
1081
1116
1138
1142
1157
1261
1293
1349
1360
1378
1393
1400
1406
1422
1442
1511
1526
1566
1613
1630
1634
1667
1701
1720
1735
1743
1783
1787
1821
1926
1936
1982
2017
2031
2072
2096
2113
2121
2123
2129
2134
2151
2156
2253
2381
2408
2445
2446
2474
2498
2504
2526
2529
2573
2597
2616
2673
2679
2732
2740
2741
2849
2868
2875
2877
2881
2891
2951
2977
2983
2992
3005
3039
3043
3047
3050
3053
3075
3077
3087
3092
3103
3130
3164
3187
3199
3246
3272
3289
3290
3305
3364
3369
3381
3383
3404
3407
3420
3422
3426
3432
3444
3448
3451
3471
3472
3479
3481
3490
3510
3539
3550
3589
3590
3611
3629
3643
3731
3772
3797
3849
3856
3864
3867
3905
3918
3931
3960
3963
4061
4105
4110
4146
4150
4152
4179
4229
4247
4291
4310
4333
4368
4382
4387
4401
4418
4481
4544
4572
4653
4696
4756
4780
4805
4813
4838
4841
4854
4860
4878
4926
4957
4994
4996
5047
5055
5120
5122
5226
5266
5305
5308
5370
5414
5417
5436
5454
5509
5537
5539
5560
5566
5579
5632
5636
5692
5720
5728
5769
5856
5876
6018
6049
6051
6062
6063
6080
6148
6171
6201
6206
6208
6289
6290
6341
6409
6445
6450
6465
6483
6501
6538
6540
6542
6545
6553
6582
6617
6652
6755
6828
6831
6933
6959
6998
7006
7057
7085
7088
7107
7113
7133
7136
7148
7177
7187
7246
7260
7295
7296
7303
7307
7317
7347
7380
7402
7411
7426
7438
7469
7472
7482
7487
7549
7555
7594
7606
7630
7633
7701
7713
7756
7855
7857
7863
7894
7915
7987
8020
8030
8060
8122
8151
8157
8197
8306
8309
8354
8361
8368
8373
8405
8409
8424
8425
8426
8440
8480
8503
8534
8544
8659
8660
8693
8701
8715
8733
8735
8756
8775
8785
8790
8795
8798
8814
8817
8840
8924
8927
8994
9012
9057
9084
9128
9157
9160
9164
9165
9166
9169
9181
9184
9194
9201
9213
9220
9236
9243
9295
9297
9301
9354
9390
9408
9432
